image: map5thfloor.pgm
resolution: 0.020000
origin: [-33.680000, -47.120000, 0.000000]
negate: 0
occupied_thresh: 0.65
free_thresh: 0.196

